493,3
493,2
493,1
493,0
492,3
492,2
492,1
492,0
491,3
491,2
491,1
491,0
490,3
490,2
490,1
490,0
489,3
489,2
489,1
489,0
488,4
488,3
488,2
488,1
488,0
487,4
487,3
487,2
487,1
487,0
486,6
486,5
486,4
486,3
486,2
486,1
486,0
485,6
485,5
485,4
485,3
485,2
485,1
485,0
484,6
484,5
484,4
484,3
484,2
484,1
484,0
483,4
483,3
483,2
483,1
483,0
482,3
482,2
482,1
482,0
481,3
481,2
481,1
481,0
480,4
480,3
480,2
480,1
480,0
479,4
479,3
479,2
479,1
479,0
478,4
478,3
478,2
478,1
478,0
477,4
477,3
477,2
477,1
477,0
476,4
476,3
476,2
476,1
476,0
475,4
475,3
475,2
475,1
475,0
474,4
474,3
474,2
474,1
474,0
473,3
473,2
473,1
473,0
472,4
472,3
472,2
472,1
472,0
471,3
471,2
471,1
471,0
470,3
470,2
470,1
470,0
469,5
469,4
469,3
469,2
469,1
469,0
468,3
468,2
468,1
468,0
467,4
467,3
467,2
467,1
467,0
466,3
466,2
466,1
466,0
465,3
465,2
465,1
465,0
464,3
464,2
464,1
464,0
463,3
463,2
463,1
463,0
462,3
462,2
462,1
462,0
461,3
461,2
461,1
461,0
460,4
460,3
460,2
460,1
460,0
459,4
459,3
459,2
459,1
459,0
458,6
458,5
458,4
458,3
458,2
458,1
458,0
457,6
457,5
457,4
457,3
457,2
457,1
457,0
456,6
456,5
456,4
456,3
456,2
456,1
456,0
455,4
455,3
455,2
455,1
455,0
454,3
454,2
454,1
454,0
453,3
453,2
453,1
453,0
452,4
452,3
452,2
452,1
452,0
451,4
451,3
451,2
451,1
451,0
450,4
450,3
450,2
450,1
450,0
449,4
449,3
449,2
449,1
449,0
448,4
448,3
448,2
448,1
448,0
447,4
447,3
447,2
447,1
447,0
446,4
446,3
446,2
446,1
446,0
445,3
445,2
445,1
445,0
444,4
444,3
444,2
444,1
444,0
443,3
443,2
443,1
443,0
442,3
442,2
442,1
442,0
441,5
441,4
441,3
441,2
441,1
441,0
440,3
440,2
440,1
440,0
439,4
439,3
439,2
439,1
439,0
438,3
438,2
438,1
438,0
437,3
437,2
437,1
437,0
436,3
436,2
436,1
436,0
435,3
435,2
435,1
435,0
434,3
434,2
434,1
434,0
433,3
433,2
433,1
433,0
432,4
432,3
432,2
432,1
432,0
431,4
431,3
431,2
431,1
431,0
430,6
430,5
430,4
430,3
430,2
430,1
430,0
429,6
429,5
429,4
429,3
429,2
429,1
429,0
428,6
428,5
428,4
428,3
428,2
428,1
428,0
427,4
427,3
427,2
427,1
427,0
426,3
426,2
426,1
426,0
425,3
425,2
425,1
425,0
424,4
424,3
424,2
424,1
424,0
423,4
423,3
423,2
423,1
423,0
422,4
422,3
422,2
422,1
422,0
421,4
421,3
421,2
421,1
421,0
420,4
420,3
420,2
420,1
420,0
419,4
419,3
419,2
419,1
419,0
418,4
418,3
418,2
418,1
418,0
417,3
417,2
417,1
417,0
416,4
416,3
416,2
416,1
416,0
415,3
415,2
415,1
415,0
414,3
414,2
414,1
414,0
413,5
413,4
413,3
413,2
413,1
413,0
412,3
412,2
412,1
412,0
411,4
411,3
411,2
411,1
411,0
410,3
410,2
410,1
410,0
409,3
409,2
409,1
409,0
408,3
408,2
408,1
408,0
407,3
407,2
407,1
407,0
406,3
406,2
406,1
406,0
405,3
405,2
405,1
405,0
404,4
404,3
404,2
404,1
404,0
403,4
403,3
403,2
403,1
403,0
402,6
402,5
402,4
402,3
402,2
402,1
402,0
401,6
401,5
401,4
401,3
401,2
401,1
401,0
400,6
400,5
400,4
400,3
400,2
400,1
400,0
399,4
399,3
399,2
399,1
399,0
398,3
398,2
398,1
398,0
397,3
397,2
397,1
397,0
396,4
396,3
396,2
396,1
396,0
395,4
395,3
395,2
395,1
395,0
394,4
394,3
394,2
394,1
394,0
393,4
393,3
393,2
393,1
393,0
392,4
392,3
392,2
392,1
392,0
391,4
391,3
391,2
391,1
391,0
390,4
390,3
390,2
390,1
390,0
389,3
389,2
389,1
389,0
388,4
388,3
388,2
388,1
388,0
387,3
387,2
387,1
387,0
386,3
386,2
386,1
386,0
385,5
385,4
385,3
385,2
385,1
385,0
384,3
384,2
384,1
384,0
383,4
383,3
383,2
383,1
383,0
382,3
382,2
382,1
382,0
0,310
0,305
0,308
0,307
0,302
0,304
0,303
0,12
0,10
0,8
0,0
0,416
0,504
0,300
0,414
0,413
0,299
0,527
0,458
0,298
0,496
0,412
0,297
0,495
0,411
0,296
0,541
0,410
0,295
0,559
0,369
0,294
0,492
0,409
0,293
0,526
0,407
0,292
0,525
0,344
0,291
0,490
0,405
0,290
0,546
0,574
0,289
0,524
0,488
0,288
0,470
0,404
0,287
0,403
0,286
0,350
0,402
0,285
0,566
0,400
0,284
0,555
0,543
0,283
0,523
0,333
0,282
0,522
0,281
0,397
0,568
0,280
0,395
0,394
0,279
0,393
0,330
0,278
0,391
0,571
0,277
0,389
0,388
0,276
0,561
0,521
0,275
0,537
0,387
0,274
0,538
0,386
0,273
0,329
0,385
0,272
0,483
0,482
0,271
0,545
0,384
0,270
0,520
0,508
0,269
0,554
0,506
0,268
0,519
0,381
0,267
0,544
0,463
0,266
0,558
0,462
0,265
0,380
0,264
0,569
0,379
0,263
0,536
0,378
0,262
0,476
0,457
0,261
0,498
0,377
0,260
0,518
0,481
0,259
0,474
0,375
0,258
0,564
0,374
0,257
0,517
0,533
0,256
0,562
0,493
0,255
0,542
0,373
0,254
0,480
0,372
0,253
0,447
0,371
0,252
0,516
0,469
0,251
0,370
0,250
0,467
0,478
0,249
0,515
0,368
0,248
0,487
0,367
0,247
0,444
0,514
0,246
0,557
0,570
0,245
0,366
0,244
0,440
0,365
0,242
0,364
0,241
0,475
0,363
0,240
0,513
0,399
0,401
0,408
0,420
1,1
0,465
0,468
0,473
0,477
358,1
357,0
0,489
357,3
357,1
0,553
0,556
0,563
0,567
3,1
3,3
354,1
354,2
356,0
356,2
356,3
357,4
358,2
359,1
359,2
360,0
360,2
360,3
361,0
361,1
361,3
362,1
362,2
362,4
363,0
363,2
363,4
364,0
364,2
364,3
366,0
366,1
366,3
368,0
368,1
368,3
368,4
371,1
371,3
371,4
374,1
374,2
374,4
374,5
376,0
376,2
376,3
377,0
377,1
377,3
378,1
378,2
379,0
379,1
379,3
380,0
380,2
381,0
381,1
381,3
381,2
380,3
380,1
379,2
378,3
378,0
377,2
376,4
376,1
374,6
374,3
374,0
371,2
371,0
368,2
366,4
366,2
364,4
364,1
363,3
363,1
362,3
362,0
361,2
360,4
360,1
359,3
359,0
357,2
356,1
354,3
354,0
3,0
0,565
357,5
0,494
0,486
0,479
358,3
358,0
0,464
1,3
1,0
2,1
0,396
2,3
0,322
2,0
0,243
0,9
0,503
0,239
0,318
0,362
0,238
0,460
0,361
0,237
0,512
0,360
0,236
0,430
0,359
0,235
0,540
0,539
0,234
0,422
0,459
0,233
0,435
0,358
0,232
0,434
0,357
0,231
0,376
0,356
0,230
0,355
0,229
0,552
0,354
0,228
0,551
0,353
0,227
0,535
0,485
0,226
0,455
0,352
0,225
0,454
0,351
0,224
0,560
0,456
0,223
0,428
0,349
0,222
0,534
0,453
0,221
0,452
0,511
0,220
0,451
0,348
0,219
0,532
0,347
0,218
0,531
0,346
0,217
0,510
0,345
0,216
0,450
0,383
0,215
0,398
0,343
0,214
0,509
0,342
0,213
0,484
0,341
0,212
0,573
0,340
0,211
0,500
0,339
0,210
0,572
0,338
0,209
0,415
0,337
0,208
0,449
0,336
0,207
0,446
0,390
0,206
0,461
0,335
0,205
0,443
0,334
0,204
0,442
0,472
0,203
0,421
0,332
0,202
0,406
0,439
0,201
0,530
0,448
0,200
0,507
0,331
0,199
0,438
0,419
0,198
0,437
0,471
0,197
0,505
0,328
0,196
0,529
0,392
0,195
0,528
0,382
0,194
0,436
0,327
0,193
0,433
0,326
0,192
0,497
0,325
0,63
0,431
0,324
0,62
0,429
0,323
0,61
0,548
0,321
0,60
0,502
0,427
0,59
0,491
0,320
0,58
0,426
0,319
0,57
0,425
0,445
0,56
0,418
0,317
0,55
0,547
0,501
0,54
0,466
0,424
0,53
0,549
0,316
0,52
0,499
0,315
0,51
0,441
0,314
0,50
0,432
0,313
0,49
0,423
0,312
0,48
0,311
0,47
0,550
0,309
0,46
0,417
0,306
0,45
0,575
0,301
0,6
0,5
0,1
0,11
0,4
0,2
0,3
0,7
